7.088637173833846
4.0574757996851
3.4535434490812196
2.3109057461753166
5.995105336398155
2.3739764987673806
4.830611343046007
0.20735797327989736
2.8479141746826175
0.6950209976265924
4.322422183575362
3.5114020136001622
3.9857828458266926
-0.6457029239379529
1.2746411138707456
4.086674350529219
2.0969796221196715
7.463330623275257
1.3097906770830057
-2.4592016936939487
4.110972547039085
4.016324520508328
4.055765353330399
1.5628497215981412
-0.41494294773564405
1.2092527955828236
0.3537438307704464
4.023661809850024
1.301087128695298
1.7593625256624226
4.52972645583135
4.256119620273371
1.8405927512645583
0.18447505423578386
1.7965044332598774
0.7491839480430921
3.5683229783916035
0.2722473316118794
1.1945415120487566
4.208452261244674
0.9221269117277643
1.8360630976228849
1.3126911838229045
3.695543106087578
4.560658809791575
2.802343105454202
-0.243368129195815
2.8792452129657335
2.685836823727442
1.811672283626444
4.926816778057843
2.636213342637601
1.684763364876937
1.8279123421365455
2.392645779141909
-0.523718659225673
5.4075248033967265
3.6467979940660147
0.15736443963844352
4.8304936059528
4.64330790740499
4.855970125065056
1.5888693176620723
3.085169529043461
1.1035945262508877
3.7912999324542827
1.6820715732112255
3.778754585793436
0.024847372809352904
4.5486287334734685
1.3161178664718312
3.3646909937701426
4.325382418384541
1.9605754546824232
0.47335621257076665
-0.3499063195682642
-0.9251442843271476
3.06493581454578
3.9367172039161518
3.053310861984071
4.659796530011133
3.696375997784095
3.654949709122324
1.6843403953459652
1.8587698724508177
0.9964435968865913
4.416665480639473
3.1969892568237825
2.2963894912167993
5.352001226808761
4.360568466562291
3.6315605578281205
2.0752036213398437
2.3037680593628487
3.081372240998767
3.2997626712341552
3.64172886707105
3.9616988442913312
2.047969414946246
1.684376691102362
3.8394812115670818
2.4567987407635936
2.3985712105231447
1.9783298099506694
3.112920598733693
0.6378225685808603
2.2178776014491453
4.272729576875223
0.8612462599669373
4.9549506173016145
2.304294151843004
1.4457871175139747
0.28541317484090767
3.1121812271658147
4.439336476803827
4.184101929077817
3.051205355385356
1.662531051385801
3.4240690177732893
4.546379227574381
1.3959027419057115
2.8296756592786063
2.377778823168029
2.4029254441126557
2.2361847017593397
6.366631164811921
0.9476356140526165
5.2596658223096355
3.7854450418579257
1.6429427406042612
0.8060084481727807
0.3132617628331076
2.006058410593442
2.531647540568711
1.4485551331699407
0.48286392426008395
0.6869904956182048
-0.8638638531091342
3.4184132011854826
4.312675767115426
-0.9172419111648109
1.7786177113394066
2.5601966368361917
4.122157443117293
3.033324796848986
3.219444089624358
4.489080519337485
1.03915473812097
2.5291454443489765
-0.0171434127635181
1.7746548575121701
1.4675673844877233
1.7494581739115445
1.527061538539854
0.9401454172304426
3.531360471438027
1.7643892225605151
3.5723631181130506
0.2572701676185293
2.345704693258007
0.7671081224642057
2.039420230756185
1.7418192603409728
0.9571756943366998
1.639285303306463
1.50037677920808
0.9261050373122094
1.939206587993527
1.4555321451344154
1.7226164305035723
0.6646788649985496
4.213902556757121
4.337677069320843
0.5882275538716247
1.7373823135333568
3.094598356607948
1.3699975225542593
2.5738994434725844
2.5113290321972728
-1.0358020431418404
0.9912261341374102
7.088637173833846
4.0574757996851
3.4535434490812196
2.3109057461753166
5.995105336398155
2.3739764987673806
4.830611343046007
0.20735797327989736
2.8479141746826175
0.6950209976265924
4.322422183575362
3.5114020136001622
3.9857828458266926
-0.6457029239379529
1.2746411138707456
4.086674350529219
2.0969796221196715
7.463330623275257
1.3097906770830057
-2.4592016936939487
4.110972547039085
4.016324520508328
4.055765353330399
1.5628497215981412
-0.41494294773564405
1.2092527955828236
0.3537438307704464
4.023661809850024
1.301087128695298
1.7593625256624226
4.52972645583135
4.256119620273371
1.8405927512645583
0.18447505423578386
1.7965044332598774
0.7491839480430921
3.5683229783916035
0.2722473316118794
1.1945415120487566
4.208452261244674
0.9221269117277643
1.8360630976228849
1.3126911838229045
3.695543106087578
4.560658809791575
2.802343105454202
-0.243368129195815
2.8792452129657335
2.685836823727442
1.811672283626444
4.926816778057843
2.636213342637601
1.684763364876937
1.8279123421365455
2.392645779141909
-0.523718659225673
5.4075248033967265
3.6467979940660147
0.15736443963844352
4.8304936059528
4.64330790740499
4.855970125065056
1.5888693176620723
3.085169529043461
1.1035945262508877
3.7912999324542827
1.6820715732112255
3.778754585793436
0.024847372809352904
4.5486287334734685
1.3161178664718312
3.3646909937701426
4.325382418384541
1.9605754546824232
0.47335621257076665
-0.3499063195682642
-0.9251442843271476
3.06493581454578
3.9367172039161518
3.053310861984071
4.659796530011133
3.696375997784095
3.654949709122324
1.6843403953459652
1.8587698724508177
0.9964435968865913
4.416665480639473
3.1969892568237825
2.2963894912167993
5.352001226808761
4.360568466562291
3.6315605578281205
2.0752036213398437
2.3037680593628487
3.081372240998767
3.2997626712341552
3.64172886707105
3.9616988442913312
2.047969414946246
1.684376691102362
3.8394812115670818
2.4567987407635936
2.3985712105231447
1.9783298099506694
3.112920598733693
0.6378225685808603
2.2178776014491453
4.272729576875223
0.8612462599669373
4.9549506173016145
2.304294151843004
1.4457871175139747
0.28541317484090767
3.1121812271658147
4.439336476803827
4.184101929077817
3.051205355385356
1.662531051385801
3.4240690177732893
4.546379227574381
1.3959027419057115
2.8296756592786063
2.377778823168029
2.4029254441126557
2.2361847017593397
6.366631164811921
0.9476356140526165
5.2596658223096355
3.7854450418579257
1.6429427406042612
0.8060084481727807
0.3132617628331076
2.006058410593442
2.531647540568711
1.4485551331699407
0.48286392426008395
0.6869904956182048
-0.8638638531091342
3.4184132011854826
4.312675767115426
-0.9172419111648109
1.7786177113394066
2.5601966368361917
4.122157443117293
3.033324796848986
3.219444089624358
4.489080519337485
1.03915473812097
2.5291454443489765
-0.0171434127635181
1.7746548575121701
1.4675673844877233
1.7494581739115445
1.527061538539854
0.9401454172304426
3.531360471438027
1.7643892225605151
3.5723631181130506
0.2572701676185293
2.345704693258007
0.7671081224642057
2.039420230756185
1.7418192603409728
0.9571756943366998
1.639285303306463
1.50037677920808
0.9261050373122094
1.939206587993527
1.4555321451344154
1.7226164305035723
0.6646788649985496
4.213902556757121
4.337677069320843
0.5882275538716247
1.7373823135333568
3.094598356607948
1.3699975225542593
2.5738994434725844
2.5113290321972728
-1.0358020431418404
0.9912261341374102
7.088637173833846
4.0574757996851
3.4535434490812196
2.3109057461753166
5.995105336398155
2.3739764987673806
4.830611343046007
0.20735797327989736
2.8479141746826175
0.6950209976265924
4.322422183575362
3.5114020136001622
3.9857828458266926
-0.6457029239379529
1.2746411138707456
4.086674350529219
2.0969796221196715
7.463330623275257
1.3097906770830057
-2.4592016936939487
4.110972547039085
4.016324520508328
4.055765353330399
1.5628497215981412
-0.41494294773564405
1.2092527955828236
0.3537438307704464
4.023661809850024
1.301087128695298
1.7593625256624226
4.52972645583135
4.256119620273371
1.8405927512645583
0.18447505423578386
1.7965044332598774
0.7491839480430921
3.5683229783916035
0.2722473316118794
1.1945415120487566
4.208452261244674
0.9221269117277643
1.8360630976228849
1.3126911838229045
3.695543106087578
4.560658809791575
2.802343105454202
-0.243368129195815
2.8792452129657335
2.685836823727442
1.811672283626444
4.926816778057843
2.636213342637601
1.684763364876937
1.8279123421365455
2.392645779141909
-0.523718659225673
5.4075248033967265
3.6467979940660147
0.15736443963844352
4.8304936059528
4.64330790740499
4.855970125065056
1.5888693176620723
3.085169529043461
1.1035945262508877
3.7912999324542827
1.6820715732112255
3.778754585793436
0.024847372809352904
4.5486287334734685
1.3161178664718312
3.3646909937701426
4.325382418384541
1.9605754546824232
0.47335621257076665
-0.3499063195682642
-0.9251442843271476
3.06493581454578
3.9367172039161518
3.053310861984071
4.659796530011133
3.696375997784095
3.654949709122324
1.6843403953459652
1.8587698724508177
0.9964435968865913
4.416665480639473
3.1969892568237825
2.2963894912167993
5.352001226808761
4.360568466562291
3.6315605578281205
2.0752036213398437
2.3037680593628487
3.081372240998767
3.2997626712341552
3.64172886707105
3.9616988442913312
2.047969414946246
1.684376691102362
3.8394812115670818
2.4567987407635936
2.3985712105231447
1.9783298099506694
3.112920598733693
0.6378225685808603
2.2178776014491453
4.272729576875223
0.8612462599669373
4.9549506173016145
2.304294151843004
1.4457871175139747
0.28541317484090767
3.1121812271658147
4.439336476803827
4.184101929077817
3.051205355385356
1.662531051385801
3.4240690177732893
4.546379227574381
1.3959027419057115
2.8296756592786063
2.377778823168029
2.4029254441126557
2.2361847017593397
6.366631164811921
0.9476356140526165
5.2596658223096355
3.7854450418579257
1.6429427406042612
0.8060084481727807
0.3132617628331076
2.006058410593442
2.531647540568711
1.4485551331699407
0.48286392426008395
0.6869904956182048
-0.8638638531091342
3.4184132011854826
4.312675767115426
-0.9172419111648109
1.7786177113394066
2.5601966368361917
4.122157443117293
3.033324796848986
3.219444089624358
4.489080519337485
1.03915473812097
2.5291454443489765
-0.0171434127635181
1.7746548575121701
1.4675673844877233
1.7494581739115445
1.527061538539854
0.9401454172304426
3.531360471438027
1.7643892225605151
3.5723631181130506
0.2572701676185293
2.345704693258007
0.7671081224642057
2.039420230756185
1.7418192603409728
0.9571756943366998
1.639285303306463
1.50037677920808
0.9261050373122094
1.939206587993527
1.4555321451344154
1.7226164305035723
0.6646788649985496
4.213902556757121
4.337677069320843
0.5882275538716247
1.7373823135333568
3.094598356607948
1.3699975225542593
2.5738994434725844
2.5113290321972728
-1.0358020431418404
0.9912261341374102
